{"mp-12557": {"elastic_tensor": [[136.89590862730063, 33.44080741878659, 25.72607488122111, 0.0, 0.0, -0.8681977777438661], [33.4408074187866, 134.97670410912204, 24.87390893279506, 0.0, 0.0, -0.7938821224412376], [25.72607488122111, 24.87390893279506, 83.86424858387691, 0.0, 0.0, -0.737997373956425], [0.0, 0.0, 0.0, 34.11020281272202, -0.02631536992035244, 0.0], [0.0, 0.0, 0.0, -0.02631536992035244, 34.14058918394465, 0.0], [-0.8681977777438732, -0.7938821224412251, -0.737997373956425, 0.0, 0.0, 51.29065563997834]], "G_Reuss": 40.11471056551459, "K_Reuss": 54.77077754991643, "K_VRH": 56.48641342973072, "G_VRH": 41.068035716005014, "poisson_ratio": 0.20739158011769085, "nsites": 6, "K_Voigt": 58.202049309545, "calculations": {"kpoint_density": 7000, "energy_cutoff": 700.0, "pseudopotentials": ["Sr_sv", "Cu_pv", "As"]}, "G_Voigt": 42.02136086649544, "elastic_anisotropy": 0.30029761968918933}, "mp-1825": {"elastic_tensor": [[136.14963490220399, 55.56325847144623, 73.65323020610528, 0.0, 0.0, 0.0], [55.56325847144623, 136.15662642760168, 73.65364240932414, 0.0, 0.0, 0.0], [73.65323020610528, 73.65364240932414, 159.16557428062004, 0.0, 0.0, 0.0], [0.0, 0.0, 0.0, 35.93773926333334, 0.0, 0.0], [0.0, 0.0, 0.0, 0.0, 35.93678837000001, 0.0], [0.0, 0.0, 0.0, 0.0, 0.0, 26.610257380000007]], "G_Reuss": 34.14565019672506, "K_Reuss": 91.2809062121846, "K_VRH": 92.15223631632435, "G_VRH": 34.54136041714753, "poisson_ratio": 0.3334007644120585, "nsites": 6, "K_Voigt": 93.0235664204641, "calculations": {"kpoint_density": 7000, "energy_cutoff": 700.0, "pseudopotentials": ["Cu_pv", "Sb"]}, "G_Voigt": 34.93707063757001, "elastic_anisotropy": 0.13498009060461413}, "mp-11288": {"elastic_tensor": [[42.50423670734361, 22.44748699748569, 26.938762092800793, 0.0, 0.0, 0.0], [22.44748699748569, 42.506115051802944, 26.938384115151916, 0.0, 0.0, 0.0], [26.938762092800793, 26.938384115151916, 35.906956321170775, 0.0, 0.0, 0.0], [0.0, 0.0, 0.0, 19.025316743333335, 0.0, 0.0], [0.0, 0.0, 0.0, 0.0, 19.02527498666667, 0.0], [0.0, 0.0, 0.0, 0.0, 0.0, 11.12097241]], "G_Reuss": 9.964200938158223, "K_Reuss": 30.362277378642816, "K_VRH": 30.37928171660997, "G_VRH": 11.38567937890841, "poisson_ratio": 0.3334185334842313, "nsites": 10, "K_Voigt": 30.396286054577125, "calculations": {"kpoint_density": 7000, "energy_cutoff": 700.0, "pseudopotentials": ["Ca_sv", "Hg"]}, "G_Voigt": 12.807157819658595, "elastic_anisotropy": 1.4277055792883786}, "mp-12550": {"elastic_tensor": [[290.676572386706, 139.85773434991958, 163.64518923374843, 0.0, 0.0, 0.0], [139.85773434991958, 290.67579924358, 163.6441239223658, 0.0, 0.0, 0.0], [163.64518923374843, 163.6441239223658, 249.28672943012253, 0.0, 0.0, 0.0], [0.0, 0.0, 0.0, 99.27612120000003, 0.0, 0.0], [0.0, 0.0, 0.0, 0.0, 99.27608288666667, 0.0], [0.0, 0.0, 0.0, 0.0, 0.0, 112.17344623000002]], "G_Reuss": 77.87531115538383, "K_Reuss": 195.85287545234578, "K_VRH": 195.97828195242158, "G_VRH": 82.12662239450441, "poisson_ratio": 0.3161512944280074, "nsites": 4, "K_Voigt": 196.10368845249735, "calculations": {"kpoint_density": 7000, "energy_cutoff": 700.0, "pseudopotentials": ["Al", "Cu_pv", "Pt"]}, "G_Voigt": 86.37793363362499, "elastic_anisotropy": 0.5471932040660272}, "mp-12552": {"elastic_tensor": [[239.33721554233836, 150.29660175809047, 149.57104066012164, 0.0, 0.0, 0.0], [150.29660175809047, 239.3849165018952, 149.61054682367444, 0.0, 0.0, 0.0], [149.57104066012164, 149.61054682367444, 237.89232430985126, 0.0, 0.0, 0.0], [0.0, 0.0, 0.0, 129.21949296333338, 0.0, 0.0], [0.0, 0.0, 0.0, 0.0, 129.21976898, 0.0], [0.0, 0.0, 0.0, 0.0, 0.0, 129.14213988333336]], "G_Reuss": 73.3758403824934, "K_Reuss": 179.50393129628304, "K_VRH": 179.5059009169114, "G_VRH": 84.35060261098664, "poisson_ratio": 0.29686572132932326, "nsites": 4, "K_Voigt": 179.50787053753976, "calculations": {"kpoint_density": 7000, "energy_cutoff": 700.0, "pseudopotentials": ["Al", "Ni_pv"]}, "G_Voigt": 95.3253648394799, "elastic_anisotropy": 1.4957134658612974}, "mp-1042": {"elastic_tensor": [[318.8995804456608, 81.75204284724668, 76.75135610769709, 0.0, 0.0, 0.0], [81.75204284724668, 244.8666227761974, 120.38625590503582, 0.0, 0.0, 0.0], [76.75135610769709, 120.38625590503582, 253.5665275619582, 0.0, 0.0, 0.0], [0.0, 0.0, 0.0, 144.19135091000004, 0.0, 0.0], [0.0, 0.0, 0.0, 0.0, 77.34284607666667, 0.0], [0.0, 0.0, 0.0, 0.0, 0.0, 96.35968269000001]], "G_Reuss": 91.74774292251072, "K_Reuss": 152.51925798920018, "K_VRH": 152.65474235592097, "G_VRH": 95.61136195971659, "poisson_ratio": 0.24092599857676228, "nsites": 8, "K_Voigt": 152.79022672264173, "calculations": {"kpoint_density": 7000, "energy_cutoff": 700.0, "pseudopotentials": ["Hf_pv", "Si"]}, "G_Voigt": 99.47498099692245, "elastic_anisotropy": 0.42288987164947667}, "mp-11287": {"elastic_tensor": [[82.16424536921998, 42.94187046292875, 16.903518865456416, 0.0, 0.0, 0.0], [42.94187046292875, 82.8809289028501, 16.913024178326538, 0.0, 0.0, 0.0], [16.903518865456416, 16.913024178326538, 45.697053294900314, 0.0, 0.0, 0.0], [0.0, 0.0, 0.0, 10.72848123666667, 0.0, 0.0], [0.0, 0.0, 0.0, 0.0, 10.842265000000001, 0.0], [0.0, 0.0, 0.0, 0.0, 0.0, 19.983548186666667]], "G_Reuss": 15.012232759675229, "K_Reuss": 34.58884926802003, "K_VRH": 37.531038777365225, "G_VRH": 16.127672957512907, "poisson_ratio": 0.31206214186706904, "nsites": 3, "K_Voigt": 40.47322828671042, "calculations": {"kpoint_density": 7000, "energy_cutoff": 700.0, "pseudopotentials": ["Ca_sv", "Hg"]}, "G_Voigt": 17.243113155350585, "elastic_anisotropy": 0.9131444366178272}, "mp-11280": {"elastic_tensor": [[210.70742245499935, 142.11881128399938, 12.2177120226699, 0.0, 0.0, 0.0], [142.11881128399938, 208.70670599460433, 12.606145414519574, 0.0, 0.0, 0.03241078999999937], [12.2177120226699, 12.606145414519574, 342.6540730945396, 0.0, 0.0, -0.02788640833333332], [0.0, 0.0, 0.0, 40.70997588333334, 0.0, 0.0], [0.0, 0.0, 0.0, 0.0, 41.62680702333333, 0.0], [0.0, 0.03241078999999937, -0.02788640833333332, 0.0, 0.0, 56.386584056666656]], "G_Reuss": 49.02424221394717, "K_Reuss": 121.76809187984637, "K_VRH": 121.77035366139657, "G_VRH": 58.22197556407205, "poisson_ratio": 0.29379893465251217, "nsites": 13, "K_Voigt": 121.77261544294677, "calculations": {"kpoint_density": 7000, "energy_cutoff": 700.0, "pseudopotentials": ["Ti_pv", "Be_sv"]}, "G_Voigt": 67.41970891419695, "elastic_anisotropy": 1.8761973780546874}, "mp-11281": {"elastic_tensor": [[349.6508865093394, 58.484418658420196, 68.44388770275684, 0.0, 0.0, 0.0], [58.484418658420196, 350.00440496899796, 68.51238376099153, 0.0, 0.0, 0.0], [68.44388770275684, 68.51238376099153, 350.1016342148833, 0.0, 0.0, 0.0], [0.0, 0.0, 0.0, 129.98397239333335, 0.0, 0.0], [0.0, 0.0, 0.0, 0.0, 129.90152979666672, 0.0], [0.0, 0.0, 0.0, 0.0, 0.0, 143.8494535266667]], "G_Reuss": 137.36952759383652, "K_Reuss": 160.04281771207275, "K_VRH": 160.0568702970118, "G_VRH": 137.53546722095336, "poisson_ratio": 0.1660172076305396, "nsites": 12, "K_Voigt": 160.07092288195088, "calculations": {"kpoint_density": 7000, "energy_cutoff": 700.0, "pseudopotentials": ["Be_sv", "V_pv"]}, "G_Voigt": 137.70140684807018, "elastic_anisotropy": 0.012255409237261539}, "mp-1046": {"elastic_tensor": [[171.10690258277333, 59.59005194667046, 69.79125894893109, 0.0, 0.0, 0.0], [59.59005194667046, 175.8468910629132, 49.30446543905701, 0.0, 0.0, 0.0], [69.79125894893109, 49.30446543905701, 161.00477036051706, 0.0, 0.0, 0.0], [0.0, 0.0, 0.0, 50.24743092333333, 0.0, 0.0], [0.0, 0.0, 0.0, 0.0, 53.462900486666676, 0.0], [0.0, 0.0, 0.0, 0.0, 0.0, 35.38905507333333]], "G_Reuss": 48.099242227390505, "K_Reuss": 95.88547460079526, "K_VRH": 96.01663267125988, "G_VRH": 48.93531935108008, "poisson_ratio": 0.28217745098549696, "nsites": 48, "K_Voigt": 96.14779074172452, "calculations": {"kpoint_density": 7000, "energy_cutoff": 700.0, "pseudopotentials": ["Nb_pv", "Sn_d"]}, "G_Voigt": 49.771396474769666, "elastic_anisotropy": 0.17655906971279567}, "mp-22870": {"elastic_tensor": [[25.06540786698083, 8.145126699962333, 15.782848546776975, 0.0, 0.0, 0.0], [8.145126699962333, 16.89694736014614, 3.409096761218231, 0.056279433333333344, 0.0, 0.0], [15.782848546776975, 3.409096761218231, 24.72019188497073, 0.02569186666666666, 0.0, 0.0], [0.0, 0.056279433333333344, 0.02569186666666666, 3.5228756800000007, 0.0, 0.0], [0.0, 0.0, 0.0, 0.0, 12.630708310000003, 0.0], [0.0, 0.0, 0.0, 0.0, 0.0, 6.553842019999999]], "G_Reuss": 5.592987716928925, "K_Reuss": 11.643890850036508, "K_VRH": 12.563983821018965, "G_VRH": 6.378752296269136, "poisson_ratio": 0.28289140793720724, "nsites": 8, "K_Voigt": 13.48407679200142, "calculations": {"kpoint_density": 7000, "energy_cutoff": 700.0, "pseudopotentials": ["In_d", "Br"]}, "G_Voigt": 7.164516875609346, "elastic_anisotropy": 1.562949002765377}, "mp-219": {"elastic_tensor": [[341.1562119019087, 121.53858319572953, 149.75622721857775, 0.0, 0.0, -0.31434256070997435], [121.53858319572956, 341.5468953667696, 149.63097849616577, 0.0, 0.0, 0.6526844635969269], [149.75622721857775, 149.63097849616577, 486.44328992184546, 0.0, 0.0, -0.10846860665094482], [0.0, 0.0, 0.0, 162.61542862262777, 0.23276908060498158, 0.0], [0.0, 0.0, 0.0, 0.23276908060498158, 162.34665011737226, 0.0], [-0.31434256071000277, 0.6526844635968843, -0.10846860665094482, 0.0, 0.0, 110.46479885381068]], "G_Reuss": 131.94560399926223, "K_Reuss": 215.47529475700495, "K_VRH": 219.4597571013619, "G_VRH": 134.45617670168056, "poisson_ratio": 0.24561648881893336, "nsites": 2, "K_Voigt": 223.4442194457189, "calculations": {"kpoint_density": 7000, "energy_cutoff": 700.0, "pseudopotentials": ["Mo_pv", "P"]}, "G_Voigt": 136.9667494040989, "elastic_anisotropy": 0.2272563202460578}, "mp-2802": {"elastic_tensor": [[374.98458436378905, 107.39741557375022, 107.39759373512302, 0.0, 0.0, 0.0], [107.39741557375022, 374.9843852652341, 107.39790638995184, 0.0, 0.0, 0.0], [107.39759373512302, 107.39790638995184, 374.9865338006982, 0.0, 0.0, 0.0], [0.0, 0.0, 0.0, 77.99915564000001, 0.0, 0.0], [0.0, 0.0, 0.0, 0.0, 77.99935069000003, 0.0], [0.0, 0.0, 0.0, 0.0, 0.0, 77.99940915000003]], "G_Reuss": 93.61497065862052, "K_Reuss": 196.5934816459105, "K_VRH": 196.5934816466981, "G_VRH": 96.96602980167347, "poisson_ratio": 0.2882056187369548, "nsites": 2, "K_Voigt": 196.59348164748573, "calculations": {"kpoint_density": 7000, "energy_cutoff": 700.0, "pseudopotentials": ["Hf_pv", "Ru_pv"]}, "G_Voigt": 100.31708894472644, "elastic_anisotropy": 0.35796188574881427}, "mp-22875": {"elastic_tensor": [[50.15003296393968, 17.036392339605634, 17.036466997223187, 0.0, 0.0, 0.0], [17.036392339605634, 50.15026567428068, 17.03611129168653, 0.0, 0.0, 0.0], [17.036466997223187, 17.03611129168653, 50.14984480382305, 0.0, 0.0, 0.0], [0.0, 0.0, 0.0, 5.809764253333333, 0.0, 0.0], [0.0, 0.0, 0.0, 0.0, 5.809803926666667, 0.0], [0.0, 0.0, 0.0, 0.0, 0.0, 5.809756156666668]], "G_Reuss": 7.847236634141334, "K_Reuss": 28.074231632833232, "K_VRH": 28.074231633031843, "G_VRH": 8.977923177854937, "poisson_ratio": 0.3555064864949333, "nsites": 2, "K_Voigt": 28.074231633230458, "calculations": {"kpoint_density": 7000, "energy_cutoff": 700.0, "pseudopotentials": ["Tl_d", "Br"]}, "G_Voigt": 10.108609721568538, "elastic_anisotropy": 1.4408722413255326}, "mp-867137": {"elastic_tensor": [[365.65273521206524, 110.04084138639249, 110.04134550781927, 0.0, 0.0, 0.0], [110.04084138639249, 365.6256164435835, 110.02935474184234, 0.0, 0.0, 0.0], [110.04134550781927, 110.02935474184234, 365.62436493509813, 0.0, 0.0, 0.0], [0.0, 0.0, 0.0, 69.41684540666665, 0.0, 0.0], [0.0, 0.0, 0.0, 0.0, 69.41820568666668, 0.0], [0.0, 0.0, 0.0, 0.0, 0.0, 69.41836417]], "G_Reuss": 84.93837043916457, "K_Reuss": 195.2361995328537, "K_VRH": 195.2361997588077, "G_VRH": 88.85423257773871, "poisson_ratio": 0.3024181846778314, "nsites": 16, "K_Voigt": 195.2361999847617, "calculations": {"kpoint_density": 7000, "energy_cutoff": 700.0, "pseudopotentials": ["Sc_sv", "V_pv", "Ru_pv"]}, "G_Voigt": 92.77009471631285, "elastic_anisotropy": 0.46102393276302145}, "mp-2807": {"elastic_tensor": [[216.5304433369568, 38.095637829237326, 38.09414003664989, 0.0, 0.0, 0.0], [38.095637829237326, 216.53303738001537, 38.09515990863811, 0.0, 0.0, 0.0], [38.09414003664989, 38.09515990863811, 216.52978201145163, 0.0, 0.0, 0.0], [0.0, 0.0, 0.0, 49.31949079000001, 0.0, 0.0], [0.0, 0.0, 0.0, 0.0, 49.31959603333333, 0.0], [0.0, 0.0, 0.0, 0.0, 0.0, 49.31953064000001]], "G_Reuss": 60.06380715471589, "K_Reuss": 97.5736820231608, "K_VRH": 97.57368202699564, "G_VRH": 62.67137615548789, "poisson_ratio": 0.23548376850117414, "nsites": 8, "K_Voigt": 97.5736820308305, "calculations": {"kpoint_density": 7000, "energy_cutoff": 700.0, "pseudopotentials": ["Sc_sv", "P"]}, "G_Voigt": 65.2789451562599, "elastic_anisotropy": 0.43413315351912374}, "mp-213": {"elastic_tensor": [[79.6056673730712, 46.56084499769699, 46.56068099155702, 0.0, 0.0, 0.0], [46.56084499769699, 79.60467543662583, 46.55998056509692, 0.0, 0.0, 0.0], [46.56068099155702, 46.55998056509692, 79.6044153580138, 0.0, 0.0, 0.0], [0.0, 0.0, 0.0, 26.46512271666667, 0.0, 0.0], [0.0, 0.0, 0.0, 0.0, 26.46517407666667, 0.0], [0.0, 0.0, 0.0, 0.0, 0.0, 26.465175256666676]], "G_Reuss": 21.330531830735545, "K_Reuss": 57.57530791116908, "K_VRH": 57.57530791538524, "G_VRH": 21.909254840813105, "poisson_ratio": 0.3311513751018288, "nsites": 2, "K_Voigt": 57.57530791960141, "calculations": {"kpoint_density": 7000, "energy_cutoff": 700.0, "pseudopotentials": ["Ca_sv", "Pd"]}, "G_Voigt": 22.487977850890665, "elastic_anisotropy": 0.2713120399352018}, "mp-1822": {"elastic_tensor": [[183.02796615698026, 75.53822576076794, 90.00790087697541, 0.0, 0.0, -0.5774194208543761], [75.53822576076797, 182.2907857392408, 90.03590528629036, 0.0, 0.0, -0.06099777142209106], [90.00790087697541, 90.03590528629036, 200.0546577843504, 0.0, 0.0, 0.024252538369132992], [0.0, 0.0, 0.0, 113.2677475630384, -0.003553936184466977, 0.0], [0.0, 0.0, 0.0, -0.003553936184466977, 113.27185129362832, 0.0], [-0.5774194208543761, -0.06099777142209817, 0.024252538369132992, 0.0, 0.0, 53.85873148059822]], "G_Reuss": 66.53893545178002, "K_Reuss": 118.85669179137658, "K_VRH": 119.23598331394601, "G_VRH": 71.63568001816776, "poisson_ratio": 0.24972606432460367, "nsites": 8, "K_Voigt": 119.61527483651543, "calculations": {"kpoint_density": 7000, "energy_cutoff": 700.0, "pseudopotentials": ["Ti_pv", "As"]}, "G_Voigt": 76.7324245845555, "elastic_anisotropy": 0.7723616104075477}, "mp-215": {"elastic_tensor": [[144.13857318160123, 20.438526029003633, 20.437050819864183, 0.0, 0.0, 0.0], [20.438526029003633, 144.1252139646468, 20.430571743371488, 0.0, 0.0, 0.0], [20.437050819864183, 20.430571743371488, 144.1222168516805, 0.0, 0.0, 0.0], [0.0, 0.0, 0.0, 22.74008058333334, 0.0, 0.0], [0.0, 0.0, 0.0, 0.0, 22.740102150000006, 0.0], [0.0, 0.0, 0.0, 0.0, 0.0, 22.740221233333337]], "G_Reuss": 30.438918273726447, "K_Reuss": 61.666477608363195, "K_VRH": 61.66647775875977, "G_VRH": 34.41082804705287, "poisson_ratio": 0.26475009983915276, "nsites": 8, "K_Voigt": 61.66647790915635, "calculations": {"kpoint_density": 7000, "energy_cutoff": 700.0, "pseudopotentials": ["Y_sv", "Sb"]}, "G_Voigt": 38.38273782037928, "elastic_anisotropy": 1.3048787583237198}, "mp-1823": {"elastic_tensor": [[191.68597227805643, 84.0337219104395, 62.743105041834305, 0.0, 0.0, -0.07096767833333338], [84.0337219104395, 192.80417417212084, 62.812071995870184, 0.0, 0.0, 0.043834445], [62.743105041834305, 62.812071995870184, 234.15804863392702, 0.0, 0.0, 0.0], [0.0, 0.0, 0.0, 59.91114155666667, 0.0, 0.0], [0.0, 0.0, 0.0, 0.0, 59.88314807999999, 0.0], [-0.07096767833333338, 0.043834445, 0.0, 0.0, 0.0, 52.969214660000006]], "G_Reuss": 60.29119024703964, "K_Reuss": 115.12107238948524, "K_VRH": 115.2175358047644, "G_VRH": 61.05725542438516, "poisson_ratio": 0.2748127313723264, "nsites": 8, "K_Voigt": 115.31399922004357, "calculations": {"kpoint_density": 7000, "energy_cutoff": 700.0, "pseudopotentials": ["Ti_pv", "Al"]}, "G_Voigt": 61.823320601730686, "elastic_anisotropy": 0.12873674166237858}, "mp-30722": {"elastic_tensor": [[84.07789553683786, 52.71677760860108, 47.08541492084119, 0.0, 0.0, 0.0], [52.71677760860108, 84.72144884500045, 47.234360631796555, 0.0, 0.0, 0.0], [47.08541492084119, 47.234360631796555, 113.63121345647455, 0.0, 0.0, 0.0], [0.0, 0.0, 0.0, 21.746555173333334, 0.0, 0.0], [0.0, 0.0, 0.0, 0.0, 22.046092200000004, 0.0], [0.0, 0.0, 0.0, 0.0, 0.0, 15.057340860000004]], "G_Reuss": 19.57656431739153, "K_Reuss": 63.34599017240683, "K_VRH": 63.70097642846955, "G_VRH": 20.1864144712649, "poisson_ratio": 0.356691202838094, "nsites": 8, "K_Voigt": 64.05596268453228, "calculations": {"kpoint_density": 7000, "energy_cutoff": 700.0, "pseudopotentials": ["Sc_sv", "Hg"]}, "G_Voigt": 20.79626462513827, "elastic_anisotropy": 0.32272837464994897}, "mp-30726": {"elastic_tensor": [[82.2678220663261, 47.74600751505788, 43.20013954852766, 0.0, 0.0, 0.03452943666666692], [47.74600751505788, 82.29333679958073, 43.50906199827638, 0.0, 0.0, 0.025857901666666933], [43.20013954852766, 43.50906199827638, 103.11774630305227, 0.0, 0.0, 0.0], [0.0, 0.0, 0.0, 19.043262203333338, 0.0, 0.0], [0.0, 0.0, 0.0, 0.0, 19.589516693333337, 0.0], [0.03452943666666692, 0.025857901666666933, 0.0, 0.0, 0.0, 13.356532633333334]], "G_Reuss": 18.286963851373997, "K_Reuss": 59.251794409196854, "K_VRH": 59.43641516530303, "G_VRH": 18.783202948923574, "poisson_ratio": 0.357047773033924, "nsites": 8, "K_Voigt": 59.62103592140922, "calculations": {"kpoint_density": 7000, "energy_cutoff": 700.0, "pseudopotentials": ["Y_sv", "Hg"]}, "G_Voigt": 19.279442046473147, "elastic_anisotropy": 0.2775939482930472}, "mp-30727": {"elastic_tensor": [[78.773928576277, 64.596494344832, 64.59895925804184, 0.0, 0.0, 0.0], [64.596494344832, 78.76889434034456, 64.59631011760575, 0.0, 0.0, 0.0], [64.59895925804184, 64.59631011760575, 78.77204322243205, 0.0, 0.0, 0.0], [0.0, 0.0, 0.0, 47.996356170000006, 0.0, 0.0], [0.0, 0.0, 0.0, 0.0, 47.99652542666668, 0.0], [0.0, 0.0, 0.0, 0.0, 0.0, 47.99689350666668]], "G_Reuss": 14.505199483387427, "K_Reuss": 69.32204348332903, "K_VRH": 69.32204360722078, "G_VRH": 23.069013999312848, "poisson_ratio": 0.35022399502992113, "nsites": 16, "K_Voigt": 69.32204373111253, "calculations": {"kpoint_density": 7000, "energy_cutoff": 700.0, "pseudopotentials": ["Mg_pv", "Cd", "Ag"]}, "G_Voigt": 31.63282851523827, "elastic_anisotropy": 5.903961907534008}, "mp-30725": {"elastic_tensor": [[125.6005600302252, 55.91114862471413, 38.05570821940387, 0.0, 0.0, -0.03467068000000025], [55.91114862471413, 126.05736117894362, 38.26917935340373, 0.0, 0.0, -0.02696511166666668], [38.05570821940387, 38.26917935340373, 82.5283791611924, 0.0, 0.0, 0.0], [0.0, 0.0, 0.0, 23.77666263, 0.0, 0.0], [0.0, 0.0, 0.0, 0.0, 23.690720706666667, 0.0], [-0.03467068000000025, -0.02696511166666668, 0.0, 0.0, 0.0, 33.63798350000001]], "G_Reuss": 28.469851343627656, "K_Reuss": 62.25127421032665, "K_VRH": 64.38443559213025, "G_VRH": 29.07713782790848, "poisson_ratio": 0.30373658154928185, "nsites": 3, "K_Voigt": 66.51759697393385, "calculations": {"kpoint_density": 7000, "energy_cutoff": 700.0, "pseudopotentials": ["Y_sv", "Hg"]}, "G_Voigt": 29.684424312189304, "elastic_anisotropy": 0.28184252755832695}, "mp-23056": {"elastic_tensor": [[83.15431522445462, 25.612112834440758, 22.00772513604343, 5.2843629214425585, -0.22480711115232088, 0.6316529908152297], [25.61211283444076, 83.73843899805252, 22.07251011654588, -4.946775947720107, -0.3599107119457512, -0.12578702039717804], [22.00772513604343, 22.07251011654588, 84.18415204214494, 0.0, 0.0, 0.056105432635495944], [5.2843629214425585, -4.946775947720107, 0.0, 24.101096256315675, 0.1478924141437563, 0.06755253658837623], [-0.22480711115232088, -0.3599107119457512, 0.0, 0.1478924141437563, 23.930324787017668, 5.037566913608194], [0.6316529908152297, -0.12578702039717804, 0.056105432635495944, 0.06755253658837646, 5.037566913608194, 28.479824041675368]], "G_Reuss": 26.225881986967188, "K_Reuss": 43.37063580369101, "K_VRH": 43.37762914844063, "G_VRH": 26.81021744123853, "poisson_ratio": 0.24375856657783268, "nsites": 12, "K_Voigt": 43.38462249319025, "calculations": {"kpoint_density": 7000, "energy_cutoff": 700.0, "pseudopotentials": ["Sr_sv", "Br", "N"]}, "G_Voigt": 27.394552895509875, "elastic_anisotropy": 0.22313118722321335}, "mp-11286": {"elastic_tensor": [[52.203497070129096, 26.435246055803503, 26.435347529607718, 0.0, 0.0, 0.0], [26.435246055803503, 52.20314825386619, 26.43496157791619, 0.0, 0.0, 0.0], [26.435347529607718, 26.43496157791619, 52.202439976175256, 0.0, 0.0, 0.0], [0.0, 0.0, 0.0, 25.739375380000002, 0.0, 0.0], [0.0, 0.0, 0.0, 0.0, 25.739395373333345, 0.0], [0.0, 0.0, 0.0, 0.0, 0.0, 25.739480293333344]], "G_Reuss": 18.396894974822565, "K_Reuss": 35.02446617686618, "K_VRH": 35.024466178812276, "G_VRH": 19.49705692997272, "poisson_ratio": 0.2652285585256999, "nsites": 2, "K_Voigt": 35.024466180758374, "calculations": {"kpoint_density": 7000, "energy_cutoff": 700.0, "pseudopotentials": ["Ca_sv", "Hg"]}, "G_Voigt": 20.597218885122878, "elastic_anisotropy": 0.5980150220242306}, "mp-5407": {"elastic_tensor": [[261.1782512154876, 135.9481535962239, 135.95741431656984, 0.0, 0.0, 0.0], [135.9481535962239, 261.1754968405309, 135.95665143189854, 0.0, 0.0, 0.0], [135.95741431656984, 135.95665143189854, 261.19503689579307, 0.0, 0.0, 0.0], [0.0, 0.0, 0.0, 114.82511797666666, 0.0, 0.0], [0.0, 0.0, 0.0, 0.0, 114.82455331333335, 0.0], [0.0, 0.0, 0.0, 0.0, 0.0, 114.82459776000003]], "G_Reuss": 86.10551446405344, "K_Reuss": 177.697024410976, "K_VRH": 177.6970246299989, "G_VRH": 90.02306965726403, "poisson_ratio": 0.28329074073464006, "nsites": 16, "K_Voigt": 177.69702484902177, "calculations": {"kpoint_density": 7000, "energy_cutoff": 700.0, "pseudopotentials": ["Ti_pv", "Al", "Co"]}, "G_Voigt": 93.94062485047462, "elastic_anisotropy": 0.4549714659764508}, "mp-567769": {"elastic_tensor": [[164.40911154872308, 57.44932695682351, 91.0724388656816, 0.0, 0.0, 0.0], [57.44932695682351, 164.40990534305777, 91.07250526198311, 0.0, 0.0, 0.0], [91.0724388656816, 91.07250526198311, 174.12554213825086, 0.0, 0.0, 0.0], [0.0, 0.0, 0.0, 49.261520256666664, 0.0, 0.0], [0.0, 0.0, 0.0, 0.0, 49.26157250999999, 0.0], [0.0, 0.0, 0.0, 0.0, 0.0, 26.56139856333333]], "G_Reuss": 39.47873128322101, "K_Reuss": 107.0979316465041, "K_VRH": 108.11191588986361, "G_VRH": 41.026157706128615, "poisson_ratio": 0.3315663574835228, "nsites": 10, "K_Voigt": 109.12590013322313, "calculations": {"kpoint_density": 7000, "energy_cutoff": 700.0, "pseudopotentials": ["Ca_sv", "Si", "Pd"]}, "G_Voigt": 42.57358412903623, "elastic_anisotropy": 0.4109002232157746}, "mp-866194": {"elastic_tensor": [[35.103544997709484, 27.715638233484988, 27.715178261997334, 0.0, 0.0, 0.0], [27.715638233484988, 35.10408977307012, 27.716324670736284, 0.0, 0.0, 0.0], [27.715178261997334, 27.716324670736284, 35.10297920244209, 0.0, 0.0, 0.0], [0.0, 0.0, 0.0, 27.993269240000004, 0.0, 0.0], [0.0, 0.0, 0.0, 0.0, 27.993229296666666, 0.0], [0.0, 0.0, 0.0, 0.0, 0.0, 27.993009423333337]], "G_Reuss": 7.7089067433897664, "K_Reuss": 30.178321784962137, "K_VRH": 30.178321798351007, "G_VRH": 12.991186594594986, "poisson_ratio": 0.3117694947858099, "nsites": 16, "K_Voigt": 30.178321811739877, "calculations": {"kpoint_density": 7000, "energy_cutoff": 700.0, "pseudopotentials": ["Li_sv", "Mg_pv", "Cd"]}, "G_Voigt": 18.273466445800207, "elastic_anisotropy": 6.852177653360114}, "mp-19746": {"elastic_tensor": [[142.21116970082034, 44.62675253703075, 22.059770010527405, 0.0, 0.0, -0.16920032268320284], [44.62675253703074, 142.3494072573328, 22.238457424468372, 0.0, 0.0, 0.28891757057800405], [22.059770010527405, 22.238457424468372, 162.8199309708386, 0.0, 0.0, 0.15474785557657], [0.0, 0.0, 0.0, 7.616615684673313, 0.02629281050013965, 0.0], [0.0, 0.0, 0.0, 0.02629281050013965, 7.586255365326689, 0.0], [-0.16920032268320284, 0.28891757057801115, 0.15474785557657, 0.0, 0.0, 49.09126251391616]], "G_Reuss": 15.717478348238394, "K_Reuss": 69.46785513157938, "K_VRH": 69.46895355873662, "G_VRH": 26.236670129076323, "poisson_ratio": 0.3322774761420021, "nsites": 8, "K_Voigt": 69.47005198589386, "calculations": {"kpoint_density": 7000, "energy_cutoff": 700.0, "pseudopotentials": ["Nb_pv", "Pb_d", "S"]}, "G_Voigt": 36.75586190991425, "elastic_anisotropy": 6.692703023214435}, "mp-19740": {"elastic_tensor": [[147.89696140501343, 79.49466945935619, 86.57591262167335, 0.0, 0.0, 1.9543643581713113], [79.4946694593562, 147.43506970834392, 86.49885623523976, 0.0, 0.0, -2.3543744127580712], [86.57591262167335, 86.49885623523976, 113.57168322573204, 0.0, 0.0, -0.06673280677224369], [0.0, 0.0, 0.0, 48.27107476091597, 0.0476560071967711, 0.0], [0.0, 0.0, 0.0, 0.0476560071967711, 48.21604635908405, 0.0], [1.954364358171297, -2.35437441275808, -0.06673280677224369, 0.0, 0.0, 31.59802017289119]], "G_Reuss": 31.44319053032125, "K_Reuss": 100.05591709428089, "K_VRH": 100.80810249000866, "G_VRH": 33.74125192854375, "poisson_ratio": 0.3494435956397056, "nsites": 9, "K_Voigt": 101.56028788573644, "calculations": {"kpoint_density": 7000, "energy_cutoff": 700.0, "pseudopotentials": ["Y_sv", "In_d", "Pt"]}, "G_Voigt": 36.03931332676624, "elastic_anisotropy": 0.7458966920488361}, "mp-12558": {"elastic_tensor": [[93.21147035055454, 23.30285372203538, 23.30254034998559, 0.0, 0.0, 0.0], [23.30285372203538, 93.21165328175056, 23.302137732537815, 0.0, 0.0, 0.0], [23.30254034998559, 23.302137732537815, 93.20974288767148, 0.0, 0.0, 0.0], [0.0, 0.0, 0.0, 37.71495262666667, 0.0, 0.0], [0.0, 0.0, 0.0, 0.0, 37.71454568333333, 0.0], [0.0, 0.0, 0.0, 0.0, 0.0, 37.71413031000001]], "G_Reuss": 36.55970110890639, "K_Reuss": 46.605325564090755, "K_VRH": 46.60532556699505, "G_VRH": 36.58505790696712, "poisson_ratio": 0.1889043934327539, "nsites": 12, "K_Voigt": 46.60532556989935, "calculations": {"kpoint_density": 7000, "energy_cutoff": 700.0, "pseudopotentials": ["Li_sv", "Mg_pv", "As"]}, "G_Voigt": 36.61041470502786, "elastic_anisotropy": 0.006935723692285123}, "mp-103": {"elastic_tensor": [[184.60238283209696, 69.79849934917885, 67.1634643119884, 0.0, 0.0, 0.15402106000000007], [69.79849934917885, 183.5725702486428, 68.04466702411065, 0.0, 0.0, 0.05865435166666643], [67.1634643119884, 68.04466702411065, 193.71347762146385, 0.0, 0.0, -0.06609771333333342], [0.0, 0.0, 0.0, 52.121511503333345, 0.0, 0.0], [0.0, 0.0, 0.0, 0.0, 52.26253426666666, 0.0], [0.15402106000000007, 0.05865435166666643, -0.06609771333333342, 0.0, 0.0, 56.32416725666667]], "G_Reuss": 55.705574476407456, "K_Reuss": 107.95592023727839, "K_VRH": 107.97249856712583, "G_VRH": 55.81966854143458, "poisson_ratio": 0.2795066938493978, "nsites": 2, "K_Voigt": 107.98907689697327, "calculations": {"kpoint_density": 7000, "energy_cutoff": 700.0, "pseudopotentials": ["Hf_pv"]}, "G_Voigt": 55.93376260646171, "elastic_anisotropy": 0.020788755806368187}, "mp-102": {"elastic_tensor": [[289.2761170546673, 172.72028416121447, 172.72179496375367, 0.0, 0.0, 0.0], [172.72028416121447, 289.28145965579006, 172.72481616862194, 0.0, 0.0, 0.0], [172.72179496375367, 172.72481616862194, 289.28420598911697, 0.0, 0.0, 0.0], [0.0, 0.0, 0.0, 147.54693302333337, 0.0, 0.0], [0.0, 0.0, 0.0, 0.0, 147.54702522333332, 0.0], [0.0, 0.0, 0.0, 0.0, 0.0, 147.54687471666665]], "G_Reuss": 91.4911349545469, "K_Reuss": 211.57506361992685, "K_VRH": 211.57506365922757, "G_VRH": 101.66548035380626, "poisson_ratio": 0.2929112542192136, "nsites": 4, "K_Voigt": 211.5750636985283, "calculations": {"kpoint_density": 7000, "energy_cutoff": 700.0, "pseudopotentials": ["Co"]}, "G_Voigt": 111.83982575306564, "elastic_anisotropy": 1.1120580598014191}, "mp-101": {"elastic_tensor": [[576.3314487020527, 231.31771069302795, 231.31818522899619, 0.0, 0.0, 0.0], [231.31771069302795, 576.332027259723, 231.31840298722125, 0.0, 0.0, 0.0], [231.31818522899619, 231.31840298722125, 576.3327778219758, 0.0, 0.0, 0.0], [0.0, 0.0, 0.0, 252.0285581666667, 0.0, 0.0], [0.0, 0.0, 0.0, 0.0, 252.02857686333334, 0.0], [0.0, 0.0, 0.0, 0.0, 0.0, 252.02855330000008]], "G_Reuss": 212.79180346628942, "K_Reuss": 346.32276128847013, "K_VRH": 346.3227612888041, "G_VRH": 216.5058690619616, "poisson_ratio": 0.2413257749389364, "nsites": 4, "K_Voigt": 346.32276128913804, "calculations": {"kpoint_density": 7000, "energy_cutoff": 700.0, "pseudopotentials": ["Ir"]}, "G_Voigt": 220.21993465763376, "elastic_anisotropy": 0.17453988054110248}, "mp-1918": {"elastic_tensor": [[262.46263195262094, 163.81532461683707, 163.80308631300255, 0.0, 0.0, 0.0], [163.81532461683707, 262.46666461531237, 163.80497779255046, 0.0, 0.0, 0.0], [163.80308631300255, 163.80497779255046, 262.4386871414356, 0.0, 0.0, 0.0], [0.0, 0.0, 0.0, 109.20903918000005, 0.0, 0.0], [0.0, 0.0, 0.0, 0.0, 109.20867977666667, 0.0], [0.0, 0.0, 0.0, 0.0, 0.0, 109.20902304000002]], "G_Reuss": 73.50950421238444, "K_Reuss": 196.69052795523555, "K_VRH": 196.69052848618162, "G_VRH": 79.38224613875819, "poisson_ratio": 0.32213356084013933, "nsites": 2, "K_Voigt": 196.6905290171277, "calculations": {"kpoint_density": 7000, "energy_cutoff": 700.0, "pseudopotentials": ["Fe_pv", "Rh_pv"]}, "G_Voigt": 85.25498806513194, "elastic_anisotropy": 0.7989092062289593}, "mp-567164": {"elastic_tensor": [[420.25327812073124, 206.3453261806686, 239.06263774832615, 0.0, 0.0, -0.347814403912281], [206.3453261806686, 420.08963384518563, 238.9851927237911, 0.0, 0.0, 0.20609434901734858], [239.06263774832615, 238.9851927237911, 297.5895946510808, 0.0, 0.0, -0.06706933738949772], [0.0, 0.0, 0.0, 150.10705208321173, -0.04339596807241719, 0.0], [0.0, 0.0, 0.0, -0.04339596807241719, 150.15716144678828, 0.0], [-0.3478144039122242, 0.2060943490173628, -0.06706933738949772, 0.0, 0.0, 107.23286406606326]], "G_Reuss": 90.65674020174849, "K_Reuss": 271.7617137300411, "K_VRH": 275.1430135273855, "G_VRH": 101.19605619262097, "poisson_ratio": 0.3361860855946296, "nsites": 4, "K_Voigt": 278.52431332473, "calculations": {"kpoint_density": 7000, "energy_cutoff": 700.0, "pseudopotentials": ["B", "Rh_pv"]}, "G_Voigt": 111.73537218349345, "elastic_anisotropy": 1.1874361360206525}, "mp-10180": {"elastic_tensor": [[77.54140873500108, 59.6684934874493, 59.668973596961166, 0.0, 0.0, 0.0], [59.6684934874493, 77.54246726417189, 59.669223884453295, 0.0, 0.0, 0.0], [59.668973596961166, 59.669223884453295, 77.5428367967682, 0.0, 0.0, 0.0], [0.0, 0.0, 0.0, 53.9264375, 0.0, 0.0], [0.0, 0.0, 0.0, 0.0, 53.932650073333335, 0.0], [0.0, 0.0, 0.0, 0.0, 0.0, 53.93287450333334]], "G_Reuss": 17.89395387441354, "K_Reuss": 65.6266771779299, "K_VRH": 65.62667718527987, "G_VRH": 26.913507205776018, "poisson_ratio": 0.31960935497933957, "nsites": 16, "K_Voigt": 65.62667719262984, "calculations": {"kpoint_density": 20000, "energy_cutoff": 700.0, "pseudopotentials": ["Li_sv", "Sb", "Pd"]}, "G_Voigt": 35.933060537138495, "elastic_anisotropy": 5.040559171587168}, "mp-10181": {"elastic_tensor": [[159.77585323552609, 146.4370183178474, 142.37596068797146, 0.0, 0.0, 0.0], [146.4370183178474, 159.78143761693892, 142.37472913357396, 0.0, 0.0, 0.0], [142.37596068797146, 142.37472913357396, 157.7144159989104, 0.0, 0.0, 0.0], [0.0, 0.0, 0.0, 110.19997388333337, 0.0, 0.0], [0.0, 0.0, 0.0, 0.0, 110.20320370333334, 0.0], [0.0, 0.0, 0.0, 0.0, 0.0, 110.20489423000004]], "G_Reuss": 17.10448366371548, "K_Reuss": 148.689750013796, "K_VRH": 148.76971518079583, "G_VRH": 43.14918230392384, "poisson_ratio": 0.367764486221575, "nsites": 16, "K_Voigt": 148.84968034779567, "calculations": {"kpoint_density": 7000, "energy_cutoff": 700.0, "pseudopotentials": ["Li_sv", "Si", "Ni_pv"]}, "G_Voigt": 69.19388094413219, "elastic_anisotropy": 15.22790100327369}, "mp-10182": {"elastic_tensor": [[127.86597071819001, 34.03757724202809, 34.03785545880062, 0.0, 0.0, 0.0], [34.03757724202809, 127.86585996931291, 34.038057222615706, 0.0, 0.0, 0.0], [34.03785545880062, 34.038057222615706, 127.86703682756819, 0.0, 0.0, 0.0], [0.0, 0.0, 0.0, 54.526107543333346, 0.0, 0.0], [0.0, 0.0, 0.0, 0.0, 54.52599518333335, 0.0], [0.0, 0.0, 0.0, 0.0, 0.0, 54.52585755333336]], "G_Reuss": 51.202948818218346, "K_Reuss": 65.3139830384352, "K_VRH": 65.31398303932649, "G_VRH": 51.34211635683007, "poisson_ratio": 0.18856394209075994, "nsites": 12, "K_Voigt": 65.31398304021778, "calculations": {"kpoint_density": 7000, "energy_cutoff": 700.0, "pseudopotentials": ["Li_sv", "Zn", "P"]}, "G_Voigt": 51.48128389544179, "elastic_anisotropy": 0.02717959452795249}, "mp-10183": {"elastic_tensor": [[111.68708946489701, 65.14501364703588, 65.14523463189283, 0.0, 0.0, 0.0], [65.14501364703588, 111.68577604998494, 65.14539952065283, 0.0, 0.0, 0.0], [65.14523463189283, 65.14539952065283, 111.68754969890824, 0.0, 0.0, 0.0], [0.0, 0.0, 0.0, 33.415126533333336, 0.0, 0.0], [0.0, 0.0, 0.0, 0.0, 33.429727673333346, 0.0], [0.0, 0.0, 0.0, 0.0, 0.0, 33.42928083000001]], "G_Reuss": 28.457825902719023, "K_Reuss": 80.65907897443144, "K_VRH": 80.65907897682425, "G_VRH": 28.910485368833136, "poisson_ratio": 0.33991253761831774, "nsites": 12, "K_Voigt": 80.65907897921704, "calculations": {"kpoint_density": 7000, "energy_cutoff": 700.0, "pseudopotentials": ["Mg_pv", "Sb", "Pd"]}, "G_Voigt": 29.36314483494725, "elastic_anisotropy": 0.15906326359235656}, "mp-10184": {"elastic_tensor": [[128.26091226726882, 68.90921965197711, 68.90890043944768, 0.0, 0.0, 0.0], [68.90921965197711, 128.26100577429278, 68.90930405531485, 0.0, 0.0, 0.0], [68.90890043944768, 68.90930405531485, 128.26151817196057, 0.0, 0.0, 0.0], [0.0, 0.0, 0.0, 39.359946436666675, 0.0, 0.0], [0.0, 0.0, 0.0, 0.0, 39.35995612333335, 0.0], [0.0, 0.0, 0.0, 0.0, 0.0, 39.359998870000005]], "G_Reuss": 34.815523274259334, "K_Reuss": 88.69314272252531, "K_VRH": 88.69314272276273, "G_VRH": 35.15095218235575, "poisson_ratio": 0.3249631122459893, "nsites": 12, "K_Voigt": 88.69314272300016, "calculations": {"kpoint_density": 7000, "energy_cutoff": 700.0, "pseudopotentials": ["Mg_pv", "Sb", "Pt"]}, "G_Voigt": 35.48638109045217, "elastic_anisotropy": 0.09634464071463622}, "mp-11358": {"elastic_tensor": [[243.71642266729816, 98.64409775631286, 98.65409980328886, 0.363438375, -0.06509881333333355, 1.4519817700000015], [98.64409775631286, 243.27638786731887, 98.42241742276474, 0.3318337900000006, -0.13199714000000057, 1.4538223050000005], [98.65409980328886, 98.42241742276474, 243.2960894915722, 0.33035085999999986, -0.05293025500000007, 1.7381196133333334], [0.363438375, 0.3318337900000006, 0.33035085999999986, 156.72969578000001, 0.0, 0.0], [-0.06509881333333355, -0.13199714000000057, -0.05293025500000007, 0.0, 156.7167556733333, 0.0], [1.4519817700000015, 1.4538223050000005, 1.7381196133333334, 0.0, 0.0, 156.80905905000006]], "G_Reuss": 106.94520055602837, "K_Reuss": 146.84260852751143, "K_VRH": 146.85075592991808, "G_VRH": 114.98376082980829, "poisson_ratio": 0.18953293331254717, "nsites": 4, "K_Voigt": 146.8589033323247, "calculations": {"kpoint_density": 7000, "energy_cutoff": 700.0, "pseudopotentials": ["Ta_pv", "Co"]}, "G_Voigt": 123.02232110358821, "elastic_anisotropy": 0.7517632375837779}, "mp-30581": {"elastic_tensor": [[204.58722041573563, 68.87147755362639, 97.73793122364957, 0.0, 0.0, 0.2115108], [68.87147755362639, 204.58380863415186, 97.73619825608502, 0.0, 0.0, 0.2146375033333334], [97.73793122364957, 97.73619825608502, 172.50670637922704, 0.0, 0.0, 0.21383919166666662], [0.0, 0.0, 0.0, 70.99247640000002, 0.0, 0.0], [0.0, 0.0, 0.0, 0.0, 70.99187963333334, 0.0], [0.2115108, 0.2146375033333334, 0.21383919166666662, 0.0, 0.0, 51.06075681666667]], "G_Reuss": 56.2639465675389, "K_Reuss": 123.36335209023358, "K_VRH": 123.3688399059966, "G_VRH": 58.01422218196124, "poisson_ratio": 0.29673646998098924, "nsites": 6, "K_Voigt": 123.37432772175961, "calculations": {"kpoint_density": 7000, "energy_cutoff": 700.0, "pseudopotentials": ["Hf_pv", "Cu_pv"]}, "G_Voigt": 59.76449779638357, "elastic_anisotropy": 0.31117194958654437}, "mp-10189": {"elastic_tensor": [[70.51985414834822, 15.945949111937201, 27.39210036661407, -0.8916294834193607, -0.2535417238344553, -0.5992280800020708], [15.945949111937203, 70.25218341608907, 27.307352761249714, 1.2146250418032882, -0.3059030329119785, 0.3674184583411737], [27.39210036661407, 27.307352761249714, 59.93839887458148, 0.0, 0.0, -0.0733935689209293], [-0.8916294834193607, 1.2146250418032882, 0.0, 28.981886232919585, -0.15866300036850944, 0.026180461030120422], [-0.2535417238344554, -0.3059030329119784, 0.0, -0.15866300036850944, 29.165094510413773, -1.0833579646723], [-0.5992280800020744, 0.3674184583411737, -0.0733935689209293, 0.02618046103012045, -1.0833579646723002, 27.778128318615675]], "G_Reuss": 24.540370906181476, "K_Reuss": 37.99585652215498, "K_VRH": 37.997997201000864, "G_VRH": 25.198197499259564, "poisson_ratio": 0.22845246207658743, "nsites": 4, "K_Voigt": 38.00013787984675, "calculations": {"kpoint_density": 7000, "energy_cutoff": 700.0, "pseudopotentials": ["Li_sv", "Ti_pv", "Te"]}, "G_Voigt": 25.856024092337652, "elastic_anisotropy": 0.26817162442140763}, "mp-12769": {"elastic_tensor": [[115.56118409908976, 79.03819750041424, 70.41174961890857, 0.0, 0.0, 0.0], [79.03819750041424, 115.56204589959212, 70.41166725864684, 0.0, 0.0, 0.0], [70.41174961890857, 70.41166725864684, 98.62051459818065, 0.0, 0.0, 0.0], [0.0, 0.0, 0.0, 21.868099623333332, 0.0, 0.0], [0.0, 0.0, 0.0, 0.0, 21.868154183333335, 0.0], [0.0, 0.0, 0.0, 0.0, 0.0, 67.12237050333334]], "G_Reuss": 23.103546101463046, "K_Reuss": 84.1780460859302, "K_VRH": 84.83718822923188, "G_VRH": 26.30037315569462, "poisson_ratio": 0.35951252629600233, "nsites": 12, "K_Voigt": 85.49633037253355, "calculations": {"kpoint_density": 7000, "energy_cutoff": 700.0, "pseudopotentials": ["Y_sv", "Si"]}, "G_Voigt": 29.49720020992619, "elastic_anisotropy": 1.3993560696426899}, "mp-11350": {"elastic_tensor": [[158.0302834097813, 60.750748787713235, 43.99129467898004, 0.0, 0.0, 0.0], [60.750748787713235, 158.48898792059333, 44.057153768910155, 0.0, 0.0, 0.0], [43.99129467898004, 44.057153768910155, 148.4888783886094, 0.0, 0.0, 0.0], [0.0, 0.0, 0.0, 64.09148878333336, 0.0, 0.0], [0.0, 0.0, 0.0, 0.0, 64.15526232666667, 0.0], [0.0, 0.0, 0.0, 0.0, 0.0, 48.08578254666668]], "G_Reuss": 55.40416603778746, "K_Reuss": 84.27487894905333, "K_VRH": 84.50446970731505, "G_VRH": 55.87563480067309, "poisson_ratio": 0.22910012863295723, "nsites": 12, "K_Voigt": 84.73406046557676, "calculations": {"kpoint_density": 7000, "energy_cutoff": 700.0, "pseudopotentials": ["Ca_sv", "Al", "Co"]}, "G_Voigt": 56.34710356355872, "elastic_anisotropy": 0.09054488235026437}, "mp-865527": {"elastic_tensor": [[98.26800576312394, 57.145694226559414, 44.66313246032185, 0.0, 0.0, 1.40702305009453], [57.145694226559414, 98.22203833477491, 44.74729541609658, 0.0, 0.0, -1.4468320206746483], [44.66313246032185, 44.74729541609658, 163.63696141524247, 0.0, 0.0, 0.07288727585387633], [0.0, 0.0, 0.0, 70.22704088194101, 0.2144983602302375, 0.0], [0.0, 0.0, 0.0, 0.2144983602302375, 69.97935957139234, 0.0], [1.40702305009453, -1.446832020674643, 0.07288727585387633, 0.0, 0.0, 18.901989099737907]], "G_Reuss": 33.12279312349433, "K_Reuss": 70.53148199738429, "K_VRH": 71.55681042753086, "G_VRH": 39.59126496405974, "poisson_ratio": 0.2664339602750074, "nsites": 8, "K_Voigt": 72.58213885767744, "calculations": {"kpoint_density": 7000, "energy_cutoff": 700.0, "pseudopotentials": ["Y_sv", "Al"]}, "G_Voigt": 46.059736804625146, "elastic_anisotropy": 1.981950669997433}, "mp-9272": {"elastic_tensor": [[98.88955270301872, 32.082611672595185, 14.95049388989255, 2.9865277895876883, -0.20653762281445864, -0.028051906213477196], [32.082611672595185, 99.08044084254655, 15.127045758222, -2.8946701897431817, 0.04743559474719339, 0.1933658883254843], [14.95049388989255, 15.127045758222, 20.702842148862953, -0.03782619867653745, 0.06551689717236121, 0.15289840675831012], [2.986527789587688, -2.8946701897431817, -0.03782619867653745, 8.118263633998163, 0.09562412677391974, -0.12698670350952146], [-0.20653762281445864, 